33824345
147166910
113362335
7552204
5970160
90361813
99157282
19022637
375375
927587
16054375
178029850
383786357
562197
675522076
547173382
81824112
3670216
3046429
5374954
414336759
2063605
8960728
730732
7295246
270090656
401742377
612492134
8055928
1661480563
14110780
70421801
7349
316568752
353539995
285571498
2130393474
98627270
96070394
53456
3368213
2044333698
3066511
412704776
520942305
321426039
6875363
210291
422714899
8366990
44243
3341680
419738808
258897592
402576555
39422678
299732210
517327498
3913194
1016555164
3055416
496783876
321422126
888465
26240675
432260419
67141499
7788379
7877344
12481638
173469252
415403269
230983435
18343134
627629503
452606628
106685726
433351
281284373
11073
946974
250858633
594534726
231048690
1950209
406636263
401654598
329519036
29329085
524704055
480959917
52190805
33729931
2077889889
111927934
25073738
28278455
447317111
1162869071
3957971






